M=[1,2;3,4];
v=[1;1];

M*v

45^2